<TICKER>,<PER>,<DATE>,<TIME>,<OPEN>,<HIGH>,<LOW>,<CLOSE>,<VOL>,<OPENINT>
AAA.US,D,20200911,000000,24.92,24.93,24.9,24.915,33524,0
AAA.US,D,20200914,000000,24.89,24.94,24.89,24.9,13212,0
AAA.US,D,20200915,000000,24.9,24.91,24.89,24.89,12129,0
AAA.US,D,20200916,000000,24.85,24.864,24.85,24.85,14193,0
AAA.US,D,20200917,000000,24.87,24.88,24.86,24.86,15232,0
AAA.US,D,20200918,000000,24.853,24.86,24.85,24.855,5363,0
AAA.US,D,20200921,000000,24.87,24.87,24.86,24.86,8597,0
AAA.US,D,20200922,000000,24.86,24.87,24.855,24.855,8104,0
AAA.US,D,20200923,000000,24.865,24.877,24.865,24.87,4468,0
AAA.US,D,20200924,000000,24.87,24.871,24.86,24.86,7015,0
AAA.US,D,20200925,000000,24.865,24.88,24.85,24.86,115962,0
AAA.US,D,20200928,000000,24.84,24.85,24.835,24.835,6233,0
AAA.US,D,20200929,000000,24.82,24.83,24.81,24.825,8054,0
AAA.US,D,20200930,000000,24.84,24.85,24.84,24.84,5451,0
AAA.US,D,20201001,000000,24.81,24.81,24.798,24.8,24976,0
AAA.US,D,20201002,000000,24.793,24.805,24.793,24.795,3005,0
AAA.US,D,20201005,000000,24.79,24.82,24.79,24.795,29043,0
AAA.US,D,20201006,000000,24.77,24.79,24.77,24.79,3955,0
AAA.US,D,20201007,000000,24.782,24.79,24.78,24.78,3792,0
AAA.US,D,20201008,000000,24.78,24.785,24.78,24.78,1683,0
AAA.US,D,20201009,000000,24.76,24.79,24.76,24.775,16117,0
AAA.US,D,20201012,000000,24.775,24.775,24.775,24.775,643,0
AAA.US,D,20201013,000000,24.8,24.8,24.79,24.79,363,0
AAA.US,D,20201014,000000,24.8,24.8,24.79,24.79,288,0
AAA.US,D,20201015,000000,24.79,24.8,24.78,24.79,2171,0
AAA.US,D,20201016,000000,24.786,24.79,24.78,24.79,600,0
AAA.US,D,20201019,000000,24.78,24.79,24.78,24.785,6337,0
AAA.US,D,20201020,000000,24.79,24.8,24.78,24.79,16890,0
AAA.US,D,20201021,000000,24.83,24.835,24.83,24.83,2728,0
AAA.US,D,20201022,000000,24.82,24.82,24.815,24.815,1925,0
AAA.US,D,20201023,000000,24.835,24.835,24.835,24.835,492,0
AAA.US,D,20201026,000000,24.84,24.84,24.82,24.83,698,0
AAA.US,D,20201027,000000,24.84,24.84,24.835,24.835,127,0
AAA.US,D,20201028,000000,24.83,24.842,24.83,24.835,1306,0
AAA.US,D,20201029,000000,24.82,24.84,24.82,24.825,1756,0
AAA.US,D,20201030,000000,24.832,24.832,24.82,24.83,1561,0
AAA.US,D,20201102,000000,24.78,24.78,24.77,24.77,9201,0
AAA.US,D,20201103,000000,24.77,24.77,24.77,24.77,102,0
AAA.US,D,20201104,000000,24.76,24.78,24.76,24.77,202,0
AAA.US,D,20201105,000000,24.75,24.75,24.75,24.75,1073,0
AAA.US,D,20201106,000000,24.765,24.765,24.765,24.765,2,0
AAA.US,D,20201109,000000,24.81,24.82,24.81,24.81,3879,0
AAA.US,D,20201110,000000,24.82,24.82,24.8,24.8,1805,0
AAA.US,D,20201111,000000,24.81,24.81,24.81,24.81,61,0
AAA.US,D,20201112,000000,24.825,24.825,24.825,24.825,256,0
AAA.US,D,20201113,000000,24.88,24.89,24.88,24.89,1464,0
AAA.US,D,20201116,000000,24.89,24.9,24.89,24.89,5221,0
AAA.US,D,20201117,000000,24.89,24.89,24.88,24.885,2633,0
AAA.US,D,20201118,000000,24.909,24.93,24.891,24.91,27996,0
AAA.US,D,20201119,000000,24.91,24.91,24.91,24.91,1508,0
AAA.US,D,20201120,000000,24.91,24.92,24.91,24.92,4818,0
AAA.US,D,20201123,000000,24.92,24.92,24.92,24.92,172,0
AAA.US,D,20201124,000000,24.929,24.929,24.92,24.92,772,0
AAA.US,D,20201125,000000,24.93,24.93,24.93,24.93,227,0
AAA.US,D,20201127,000000,24.93,24.93,24.93,24.93,303,0
AAA.US,D,20201130,000000,24.93,24.93,24.92,24.93,2716,0
AAA.US,D,20201201,000000,24.939,24.939,24.935,24.935,273,0
AAA.US,D,20201202,000000,24.92,24.932,24.92,24.93,2428,0
AAA.US,D,20201203,000000,24.94,24.94,24.94,24.94,465,0
AAA.US,D,20201204,000000,24.95,24.95,24.949,24.95,810,0
AAA.US,D,20201207,000000,24.958,24.96,24.955,24.955,647,0
AAA.US,D,20201208,000000,24.95,24.958,24.95,24.95,3008,0
AAA.US,D,20201209,000000,24.96,24.96,24.96,24.96,108,0
AAA.US,D,20201210,000000,24.96,24.96,24.96,24.96,215,0
AAA.US,D,20201211,000000,24.968,24.968,24.96,24.96,810,0
AAA.US,D,20201214,000000,24.96,24.96,24.892,24.96,1106,0
AAA.US,D,20201215,000000,24.96,24.96,24.96,24.96,1953,0
AAA.US,D,20201216,000000,24.97,24.97,24.97,24.97,46,0
AAA.US,D,20201217,000000,24.97,24.99,24.97,24.97,1477,0
AAA.US,D,20201218,000000,24.97,24.98,24.97,24.98,3054,0
AAA.US,D,20201221,000000,24.98,24.98,24.97,24.97,2749,0
AAA.US,D,20201222,000000,24.98,24.98,24.98,24.98,1337,0
AAA.US,D,20201223,000000,24.98,24.99,24.98,24.99,1785,0
AAA.US,D,20201224,000000,24.99,24.99,24.99,24.99,1173,0
AAA.US,D,20201228,000000,24.98,24.99,24.98,24.99,661,0
AAA.US,D,20201229,000000,24.968,24.968,24.965,24.965,862,0
AAA.US,D,20201230,000000,24.96,24.974,24.96,24.97,2402,0
AAA.US,D,20201231,000000,24.97,24.97,24.97,24.97,66,0
AAA.US,D,20210104,000000,24.965,24.97,24.965,24.965,3737,0
AAA.US,D,20210105,000000,24.98,24.981,24.97,24.98,2286,0
AAA.US,D,20210106,000000,24.98,24.99,24.975,24.975,620,0
AAA.US,D,20210107,000000,24.975,24.975,24.975,24.975,397,0
AAA.US,D,20210108,000000,24.98,24.98,24.97,24.97,5293,0
AAA.US,D,20210111,000000,24.97,25,24.97,24.985,1989,0
AAA.US,D,20210112,000000,25.01,25.01,25,25,817,0
AAA.US,D,20210113,000000,24.99,24.99,24.99,24.99,58,0
AAA.US,D,20210114,000000,25.005,25.005,25.005,25.005,174,0
AAA.US,D,20210115,000000,25.04,25.04,25.025,25.025,2395,0
AAA.US,D,20210119,000000,25.06,25.06,25.049,25.05,2852,0
AAA.US,D,20210120,000000,25.05,25.05,25.05,25.05,31,0
AAA.US,D,20210121,000000,25.054,25.054,25.04,25.05,3652,0
AAA.US,D,20210122,000000,25.06,25.07,25.06,25.06,1614,0
AAA.US,D,20210125,000000,25.055,25.055,25.055,25.055,46,0
AAA.US,D,20210126,000000,25.058,25.065,25.058,25.065,467,0
AAA.US,D,20210127,000000,25.04,25.05,25.04,25.05,490,0
AAA.US,D,20210128,000000,25.05,25.05,25.05,25.05,188,0
AAA.US,D,20210129,000000,25.06,25.06,25.045,25.045,3109,0
AAA.US,D,20210201,000000,25.04,25.04,25.03,25.03,1263,0
AAA.US,D,20210202,000000,25.03,25.03,25.03,25.03,9,0
AAA.US,D,20210203,000000,25.1,25.3,25.02,25.02,1170,0
AAA.US,D,20210204,000000,24.74,25.05,24.74,25.03,10210,0
AAA.US,D,20210205,000000,25.039,25.04,25.039,25.04,1784,0
AAA.US,D,20210208,000000,25.046,25.05,25.04,25.04,2612,0
AAA.US,D,20210209,000000,25.03,25.03,25.03,25.03,1036,0
AAA.US,D,20210210,000000,25.022,25.035,25.022,25.035,706,0
AAA.US,D,20210211,000000,25.04,25.04,25.03,25.03,1312,0
AAA.US,D,20210212,000000,25.03,25.03,25.02,25.02,498,0
AAA.US,D,20210216,000000,25.03,25.03,25.02,25.02,336,0
AAA.US,D,20210217,000000,25.03,25.04,25.03,25.03,371,0
AAA.US,D,20210218,000000,25.033,25.04,25.03,25.03,241,0
AAA.US,D,20210219,000000,25.03,25.03,25.03,25.03,8,0
AAA.US,D,20210222,000000,24.99,24.99,24.99,24.99,608,0
AAA.US,D,20210223,000000,24.96,24.98,24.96,24.97,509,0
AAA.US,D,20210224,000000,24.98,24.98,24.969,24.97,1614,0
AAA.US,D,20210225,000000,24.97,24.98,24.97,24.975,433,0
AAA.US,D,20210226,000000,24.97,24.973,24.96,24.97,1033,0
AAA.US,D,20210301,000000,24.97,24.973,24.961,24.97,785,0
AAA.US,D,20210302,000000,24.975,24.975,24.975,24.975,238,0
AAA.US,D,20210303,000000,24.994,24.994,24.99,24.99,297,0
AAA.US,D,20210304,000000,25.01,25.01,25,25.005,590,0
AAA.US,D,20210305,000000,25.02,25.02,25,25.01,3747,0
AAA.US,D,20210308,000000,25.02,25.02,24.985,24.985,13026,0
AAA.US,D,20210309,000000,24.98,24.99,24.97,24.99,12541,0
AAA.US,D,20210310,000000,25.01,25.01,24.995,24.995,1952,0
AAA.US,D,20210311,000000,25.01,25.01,25,25,557,0
AAA.US,D,20210312,000000,24.996,25,24.996,25,656,0
AAA.US,D,20210315,000000,25.01,25.01,25.01,25.01,103,0
AAA.US,D,20210316,000000,25,25,25,25,89,0
AAA.US,D,20210317,000000,25.01,25.01,25.01,25.01,213,0
AAA.US,D,20210318,000000,25,25.01,25,25.01,242,0
AAA.US,D,20210319,000000,25.01,25.01,25.01,25.01,593,0
AAA.US,D,20210322,000000,25,25,25,25,189,0
AAA.US,D,20210323,000000,24.99,25.01,24.98,24.98,15060,0
AAA.US,D,20210324,000000,24.99,24.99,24.98,24.98,522,0
AAA.US,D,20210325,000000,24.98,24.98,24.98,24.98,84,0
AAA.US,D,20210326,000000,24.98,24.98,24.98,24.98,8,0
AAA.US,D,20210329,000000,24.97,24.97,24.97,24.97,500,0
AAA.US,D,20210330,000000,24.97,24.99,24.97,24.98,15540,0
AAA.US,D,20210331,000000,24.96,24.96,24.96,24.96,41,0
AAA.US,D,20210401,000000,24.96,24.96,24.96,24.96,105,0
AAA.US,D,20210405,000000,24.96,24.96,24.96,24.96,65,0
AAA.US,D,20210406,000000,24.97,24.975,24.97,24.975,5251,0
AAA.US,D,20210407,000000,24.98,24.98,24.97,24.97,776,0
AAA.US,D,20210408,000000,24.98,24.98,24.97,24.97,181,0
AAA.US,D,20210409,000000,24.98,24.98,24.97,24.97,102,0
AAA.US,D,20210412,000000,24.97,24.97,24.97,24.97,7,0
AAA.US,D,20210413,000000,24.97,24.97,24.95,24.96,4013,0
AAA.US,D,20210414,000000,24.97,24.97,24.96,24.96,195,0
AAA.US,D,20210415,000000,24.96,24.97,24.96,24.97,858,0
AAA.US,D,20210416,000000,24.972,24.98,24.97,24.97,2263,0
AAA.US,D,20210419,000000,24.97,24.97,24.97,24.97,78,0
AAA.US,D,20210420,000000,24.974,24.98,24.96,24.97,1292,0
AAA.US,D,20210421,000000,24.962,24.962,24.96,24.96,114,0
AAA.US,D,20210422,000000,24.963,24.97,24.96,24.96,201,0
AAA.US,D,20210423,000000,24.963,24.97,24.963,24.965,241,0
AAA.US,D,20210426,000000,24.96,24.96,24.955,24.955,189,0
AAA.US,D,20210427,000000,24.955,24.96,24.955,24.955,1420,0
AAA.US,D,20210428,000000,24.95,25.045,24.94,24.96,8238,0
AAA.US,D,20210429,000000,24.97,24.97,24.96,24.96,562,0
AAA.US,D,20210430,000000,24.96,24.96,24.96,24.96,60,0
AAA.US,D,20210503,000000,24.925,24.925,24.925,24.925,328,0
AAA.US,D,20210504,000000,24.95,24.95,24.94,24.94,2014,0
AAA.US,D,20210505,000000,24.928,24.928,24.89,24.905,15277,0
AAA.US,D,20210506,000000,24.92,24.92,24.92,24.92,107,0
AAA.US,D,20210507,000000,24.91,24.91,24.91,24.91,21,0
AAA.US,D,20210510,000000,24.931,24.931,24.93,24.93,122,0
AAA.US,D,20210511,000000,24.94,24.94,24.93,24.93,151,0
AAA.US,D,20210512,000000,24.94,24.94,24.919,24.92,1834,0
AAA.US,D,20210513,000000,24.94,25.12,24.925,24.925,330,0
AAA.US,D,20210514,000000,24.94,24.94,24.925,24.925,274,0
AAA.US,D,20210517,000000,24.925,24.925,24.925,24.925,44,0
AAA.US,D,20210518,000000,24.94,24.94,24.925,24.925,467,0
AAA.US,D,20210519,000000,24.925,24.94,24.91,24.925,7653,0
AAA.US,D,20210520,000000,24.92,24.935,24.92,24.935,1181,0
AAA.US,D,20210521,000000,24.935,24.935,24.935,24.935,100,0
AAA.US,D,20210524,000000,24.921,24.938,24.83,24.933,3372,0
AAA.US,D,20210525,000000,24.921,24.94,24.92,24.94,9310,0
AAA.US,D,20210526,000000,24.935,24.935,24.935,24.935,34,0
AAA.US,D,20210527,000000,24.95,24.95,24.92,24.935,1401,0
AAA.US,D,20210528,000000,24.935,24.94,24.925,24.925,3433,0
AAA.US,D,20210601,000000,24.94,24.94,24.91,24.925,10471,0
AAA.US,D,20210602,000000,24.937,24.937,24.937,24.937,105,0
AAA.US,D,20210603,000000,24.935,24.95,24.935,24.935,148,0
AAA.US,D,20210604,000000,24.95,24.95,24.935,24.935,238,0
AAA.US,D,20210607,000000,24.935,24.935,24.935,24.935,9,0
AAA.US,D,20210608,000000,24.935,24.95,24.935,24.935,112,0
AAA.US,D,20210609,000000,24.95,24.95,24.95,24.95,16,0
AAA.US,D,20210610,000000,24.96,24.96,24.945,24.945,612,0
AAA.US,D,20210611,000000,24.95,24.95,24.95,24.95,24,0
AAA.US,D,20210614,000000,24.946,24.95,24.946,24.95,166,0
AAA.US,D,20210615,000000,24.95,24.95,24.95,24.95,7,0
AAA.US,D,20210616,000000,24.96,24.96,24.955,24.955,133,0
AAA.US,D,20210617,000000,24.96,24.96,24.955,24.955,205,0
AAA.US,D,20210618,000000,24.97,24.98,24.97,24.98,599,0
AAA.US,D,20210621,000000,24.97,24.97,24.96,24.96,989,0
AAA.US,D,20210622,000000,24.95,24.97,24.95,24.965,2226,0
AAA.US,D,20210623,000000,24.94,24.98,24.94,24.945,1816,0
AAA.US,D,20210624,000000,24.96,24.96,24.96,24.96,70,0
AAA.US,D,20210625,000000,24.967,24.98,24.955,24.955,1234,0
AAA.US,D,20210628,000000,24.98,24.98,24.95,24.96,1405,0
AAA.US,D,20210629,000000,24.98,24.98,24.96,24.96,2786,0
AAA.US,D,20210630,000000,24.98,24.98,24.95,24.965,3128,0
AAA.US,D,20210701,000000,24.935,24.935,24.935,24.935,52,0
AAA.US,D,20210702,000000,24.92,24.94,24.92,24.94,494,0
AAA.US,D,20210706,000000,24.945,24.945,24.945,24.945,433,0
AAA.US,D,20210707,000000,24.94,24.945,24.94,24.945,115,0
AAA.US,D,20210708,000000,24.945,24.945,24.945,24.945,82,0
AAA.US,D,20210709,000000,24.93,24.945,24.93,24.945,612,0
AAA.US,D,20210712,000000,24.945,24.945,24.945,24.945,35,0
AAA.US,D,20210713,000000,24.95,24.95,24.94,24.94,2212,0
AAA.US,D,20210714,000000,24.95,24.95,24.95,24.95,354,0
AAA.US,D,20210715,000000,24.95,24.95,24.95,24.95,22,0
AAA.US,D,20210716,000000,24.954,24.954,24.95,24.95,1028,0
AAA.US,D,20210719,000000,24.94,24.96,24.94,24.955,3131,0
AAA.US,D,20210720,000000,24.961,24.961,24.955,24.955,1309,0
AAA.US,D,20210721,000000,24.959,24.959,24.94,24.955,1403,0
AAA.US,D,20210722,000000,24.96,24.96,24.96,24.96,2,0
AAA.US,D,20210723,000000,24.96,24.96,24.96,24.96,14,0
AAA.US,D,20210726,000000,24.96,24.96,24.96,24.96,479,0
AAA.US,D,20210727,000000,24.97,24.97,24.93,24.96,1554,0
AAA.US,D,20210728,000000,24.958,24.96,24.958,24.96,943,0
AAA.US,D,20210729,000000,24.96,24.965,24.96,24.965,588,0
AAA.US,D,20210730,000000,24.965,24.965,24.965,24.965,175,0
AAA.US,D,20210802,000000,24.94,24.94,24.94,24.94,23,0
AAA.US,D,20210803,000000,24.945,24.945,24.945,24.945,105,0
AAA.US,D,20210804,000000,24.945,24.945,24.93,24.945,304,0
AAA.US,D,20210805,000000,24.95,24.95,24.95,24.95,53,0
AAA.US,D,20210806,000000,24.94,24.95,24.94,24.95,461,0
AAA.US,D,20210809,000000,24.94,24.95,24.94,24.95,1315,0
AAA.US,D,20210810,000000,24.95,24.95,24.95,24.95,364,0
AAA.US,D,20210811,000000,24.955,24.955,24.955,24.955,11,0
AAA.US,D,20210812,000000,24.95,24.951,24.95,24.95,331,0
AAA.US,D,20210813,000000,24.95,24.95,24.95,24.95,133,0
AAA.US,D,20210816,000000,24.95,24.955,24.94,24.955,1244,0
AAA.US,D,20210817,000000,24.94,24.955,24.94,24.955,651,0
AAA.US,D,20210818,000000,24.956,24.96,24.956,24.956,302,0
AAA.US,D,20210819,000000,24.955,24.955,24.955,24.955,71,0
AAA.US,D,20210820,000000,24.95,24.955,24.95,24.955,654,0
AAA.US,D,20210823,000000,24.94,24.955,24.94,24.955,222,0
AAA.US,D,20210824,000000,24.97,24.97,24.955,24.955,264,0
AAA.US,D,20210825,000000,24.94,24.955,24.94,24.955,511,0
AAA.US,D,20210826,000000,24.97,24.97,24.955,24.955,133,0
AAA.US,D,20210827,000000,24.95,24.955,24.95,24.955,100,0
AAA.US,D,20210830,000000,24.96,24.96,24.96,24.96,59,0
AAA.US,D,20210831,000000,24.96,24.965,24.96,24.965,754,0
AAA.US,D,20210901,000000,24.951,24.96,24.951,24.96,220,0
AAA.US,D,20210902,000000,24.96,24.97,24.96,24.96,225,0
AAA.US,D,20210903,000000,24.95,24.965,24.95,24.965,202,0
AAA.US,D,20210907,000000,24.965,24.965,24.965,24.965,48,0
AAA.US,D,20210908,000000,24.965,24.98,24.965,24.965,281,0
AAA.US,D,20210909,000000,24.969,24.969,24.965,24.965,127,0
AAA.US,D,20210910,000000,24.96,24.965,24.96,24.965,219,0
AAA.US,D,20210913,000000,24.96,24.965,24.96,24.965,1671,0
AAA.US,D,20210914,000000,24.961,24.97,24.961,24.97,178,0
AAA.US,D,20210915,000000,24.965,24.965,24.965,24.965,1,0
AAA.US,D,20210916,000000,24.965,24.965,24.965,24.965,100,0
AAA.US,D,20210917,000000,24.97,24.97,24.965,24.965,125,0
AAA.US,D,20210920,000000,24.966,24.97,24.965,24.965,610,0
AAA.US,D,20210921,000000,24.97,24.97,24.965,24.965,105,0
AAA.US,D,20210922,000000,24.97,24.975,24.97,24.975,322,0
AAA.US,D,20210923,000000,24.975,24.975,24.975,24.975,429,0
AAA.US,D,20210924,000000,24.975,24.975,24.975,24.975,18,0
AAA.US,D,20210927,000000,24.97,24.98,24.97,24.97,807,0
AAA.US,D,20210928,000000,24.971,24.99,24.971,24.98,1230,0
AAA.US,D,20210929,000000,24.985,24.985,24.985,24.985,100,0
AAA.US,D,20210930,000000,24.98,24.98,24.97,24.97,369,0
AAA.US,D,20211001,000000,24.96,24.96,24.96,24.96,1013,0
AAA.US,D,20211004,000000,24.97,24.97,24.95,24.955,2944,0
AAA.US,D,20211005,000000,24.96,24.96,24.95,24.95,2345,0
AAA.US,D,20211006,000000,24.95,24.95,24.95,24.95,530,0
AAA.US,D,20211007,000000,24.96,24.96,24.955,24.955,1402,0
AAA.US,D,20211008,000000,24.96,24.96,24.96,24.96,3908,0
AAA.US,D,20211011,000000,24.96,24.96,24.955,24.955,722,0
AAA.US,D,20211012,000000,24.963,24.963,24.96,24.96,4814,0
AAA.US,D,20211013,000000,24.97,24.97,24.96,24.96,103,0
AAA.US,D,20211014,000000,24.96,24.96,24.96,24.96,37,0
AAA.US,D,20211015,000000,24.97,24.97,24.96,24.96,602,0
AAA.US,D,20211018,000000,24.968,24.97,24.96,24.96,664,0
AAA.US,D,20211019,000000,24.96,24.96,24.96,24.96,745,0
AAA.US,D,20211020,000000,24.97,24.97,24.96,24.96,114,0
AAA.US,D,20211021,000000,24.96,24.96,24.96,24.96,77,0
AAA.US,D,20211022,000000,24.97,24.97,24.96,24.96,1024,0
AAA.US,D,20211025,000000,24.95,24.96,24.95,24.96,121,0
AAA.US,D,20211026,000000,24.97,24.97,24.97,24.97,61,0
AAA.US,D,20211027,000000,24.98,24.98,24.97,24.97,633,0
AAA.US,D,20211028,000000,24.96,24.96,24.96,24.96,1108,0
AAA.US,D,20211029,000000,24.95,24.96,24.95,24.96,423,0
AAA.US,D,20211101,000000,24.95,24.95,24.95,24.95,100,0
AAA.US,D,20211102,000000,24.945,24.945,24.945,24.945,139,0
AAA.US,D,20211103,000000,24.94,24.95,24.94,24.95,677,0
AAA.US,D,20211104,000000,24.95,24.95,24.95,24.95,108,0
AAA.US,D,20211105,000000,24.95,24.995,24.95,24.995,1299,0
AAA.US,D,20211108,000000,25.01,25.01,25.005,25.005,172,0
AAA.US,D,20211109,000000,25.01,25.01,24.98,24.98,4266,0
AAA.US,D,20211110,000000,25.01,25.01,24.998,24.998,2909,0
AAA.US,D,20211111,000000,25.01,25.01,25.01,25.01,148,0
AAA.US,D,20211112,000000,25,25.02,24.98,24.98,2552,0
AAA.US,D,20211115,000000,24.98,25,24.98,25,493,0
AAA.US,D,20211116,000000,25.02,25.02,25,25,1066,0
AAA.US,D,20211117,000000,25.02,25.02,25.01,25.01,500,0
AAA.US,D,20211118,000000,24.98,24.999,24.98,24.999,210,0
AAA.US,D,20211119,000000,25,25,24.985,24.985,300,0
AAA.US,D,20211122,000000,25.01,25.02,25.01,25.01,536,0
AAA.US,D,20211123,000000,25,25,24.98,24.99,27891,0
AAA.US,D,20211124,000000,24.99,25,24.985,24.985,496,0
AAA.US,D,20211126,000000,24.999,24.999,24.985,24.985,525,0
AAA.US,D,20211129,000000,24.98,24.995,24.98,24.995,893,0
AAA.US,D,20211130,000000,25,25,25,25,106,0
AAA.US,D,20211201,000000,24.98,25,24.98,24.98,3343,0
AAA.US,D,20211202,000000,24.98,25,24.98,24.98,984,0
AAA.US,D,20211203,000000,24.98,24.98,24.98,24.98,380,0
AAA.US,D,20211206,000000,24.99,24.99,24.99,24.99,227,0
AAA.US,D,20211207,000000,24.98,25.005,24.98,24.995,367,0
AAA.US,D,20211208,000000,24.99,25,24.98,24.98,2964,0
AAA.US,D,20211209,000000,24.98,25.01,24.97,24.985,76040,0
AAA.US,D,20211210,000000,24.98,24.98,24.96,24.965,76649,0
AAA.US,D,20211213,000000,24.97,24.97,24.97,24.97,63,0
AAA.US,D,20211214,000000,24.98,25.02,24.98,25.01,16778,0
AAA.US,D,20211215,000000,25.02,25.02,25,25,355,0
AAA.US,D,20211216,000000,25.04,25.04,25.02,25.025,4328,0
AAA.US,D,20211217,000000,25.015,25.015,25.015,25.015,62,0
AAA.US,D,20211220,000000,25.01,25.01,25.01,25.01,42,0
AAA.US,D,20211221,000000,25.02,25.02,25.02,25.02,2,0
AAA.US,D,20211222,000000,25.01,25.01,24.995,24.995,1324,0
AAA.US,D,20211223,000000,24.99,24.995,24.99,24.995,216,0
AAA.US,D,20211227,000000,24.995,24.995,24.995,24.995,33,0
AAA.US,D,20211228,000000,25,25.012,25,25.005,400,0
AAA.US,D,20211229,000000,24.98,24.99,24.98,24.99,434,0
AAA.US,D,20211230,000000,24.99,25,24.99,24.99,101,0
AAA.US,D,20211231,000000,25,25,25,25,5,0
AAA.US,D,20220103,000000,24.98,24.98,24.98,24.98,1312,0
AAA.US,D,20220104,000000,24.98,24.98,24.98,24.98,3,0
AAA.US,D,20220105,000000,24.98,24.98,24.979,24.98,12302,0
AAA.US,D,20220106,000000,24.98,24.98,24.975,24.98,3179,0
AAA.US,D,20220107,000000,24.97,24.98,24.97,24.98,1563,0
AAA.US,D,20220110,000000,24.975,24.98,24.971,24.98,3644,0
AAA.US,D,20220111,000000,24.97,24.97,24.97,24.97,1573,0
AAA.US,D,20220112,000000,24.97,24.975,24.97,24.975,707,0
AAA.US,D,20220113,000000,24.976,24.98,24.97,24.98,2408,0
AAA.US,D,20220114,000000,24.96,24.965,24.96,24.965,1272,0
AAA.US,D,20220118,000000,24.97,24.97,24.95,24.96,1526,0
AAA.US,D,20220119,000000,24.98,24.98,24.965,24.965,130,0
AAA.US,D,20220120,000000,24.979,24.98,24.97,24.98,3026,0
AAA.US,D,20220121,000000,24.98,24.98,24.965,24.98,3936,0
AAA.US,D,20220124,000000,24.965,24.98,24.95,24.98,2824,0
AAA.US,D,20220125,000000,24.98,24.98,24.965,24.965,335,0
AAA.US,D,20220126,000000,24.97,24.982,24.97,24.97,4327,0
AAA.US,D,20220127,000000,24.98,24.99,24.98,24.99,4148,0
AAA.US,D,20220128,000000,24.99,24.99,24.98,24.99,5231,0
AAA.US,D,20220131,000000,24.99,24.99,24.97,24.99,2626,0
AAA.US,D,20220201,000000,24.97,24.98,24.97,24.98,827,0
AAA.US,D,20220202,000000,24.98,24.98,24.98,24.98,621,0
AAA.US,D,20220203,000000,24.98,24.98,24.96,24.98,905,0
AAA.US,D,20220204,000000,24.975,24.98,24.97,24.98,2881,0
AAA.US,D,20220207,000000,24.98,24.98,24.98,24.98,715,0
AAA.US,D,20220208,000000,24.98,24.98,24.951,24.98,3175,0
AAA.US,D,20220209,000000,24.98,24.98,24.965,24.98,1601,0
AAA.US,D,20220210,000000,24.98,24.985,24.979,24.985,701,0
AAA.US,D,20220211,000000,24.975,25.01,24.96,24.96,22059,0
AAA.US,D,20220214,000000,24.98,24.98,24.95,24.98,1452,0
AAA.US,D,20220215,000000,24.97,24.97,24.96,24.96,1015,0
AAA.US,D,20220216,000000,24.98,24.98,24.98,24.98,529,0
AAA.US,D,20220217,000000,24.98,24.99,24.98,24.99,1695,0
AAA.US,D,20220218,000000,24.985,24.985,24.985,24.985,763,0
AAA.US,D,20220222,000000,24.975,24.98,24.975,24.98,2696,0
AAA.US,D,20220223,000000,25.01,25.01,24.98,24.985,270,0
AAA.US,D,20220224,000000,24.98,24.98,24.97,24.97,5477,0
AAA.US,D,20220225,000000,24.97,24.975,24.97,24.975,185,0
AAA.US,D,20220228,000000,24.88,24.88,24.86,24.87,595,0
AAA.US,D,20220301,000000,24.9771,24.9771,24.975,24.975,484,0
AAA.US,D,20220302,000000,24.9,24.98,24.9,24.95,6291,0
AAA.US,D,20220303,000000,24.965,24.965,24.95,24.95,1332,0
AAA.US,D,20220304,000000,24.919,24.919,24.87,24.9,4076,0
AAA.US,D,20220307,000000,24.88,24.894,24.88,24.894,1304,0
AAA.US,D,20220308,000000,24.9,24.9248,24.9,24.9248,850,0
AAA.US,D,20220309,000000,24.915,24.915,24.8753,24.8753,717,0
AAA.US,D,20220310,000000,24.9,24.9,24.89,24.89,143,0
AAA.US,D,20220311,000000,24.91,24.91,24.91,24.91,30,0
AAA.US,D,20220314,000000,24.9,24.935,24.8766,24.8766,697,0
AAA.US,D,20220315,000000,24.88,24.89,24.88,24.89,1157,0
AAA.US,D,20220316,000000,24.89,24.9,24.8751,24.8751,1735,0
AAA.US,D,20220317,000000,24.86,24.89,24.86,24.89,614,0
AAA.US,D,20220318,000000,24.875,24.88,24.8254,24.88,2514,0
AAA.US,D,20220321,000000,24.8541,24.865,24.8541,24.865,129,0
AAA.US,D,20220322,000000,24.84,24.84,24.84,24.84,56,0
AAA.US,D,20220323,000000,24.83,24.83,24.775,24.775,682,0
AAA.US,D,20220324,000000,24.785,24.785,24.785,24.785,1,0
AAA.US,D,20220325,000000,24.8,24.8,24.785,24.785,428,0
AAA.US,D,20220328,000000,24.82,24.82,24.81,24.81,1112,0
AAA.US,D,20220329,000000,24.785,24.785,24.785,24.785,62,0
AAA.US,D,20220330,000000,24.82,24.82,24.82,24.82,267,0
AAA.US,D,20220331,000000,24.86,24.86,24.8253,24.8253,101,0
AAA.US,D,20220401,000000,24.77,24.78,24.77,24.775,29944,0
AAA.US,D,20220404,000000,24.85,24.85,24.81,24.81,1331,0
AAA.US,D,20220405,000000,24.865,24.865,24.865,24.865,4,0
AAA.US,D,20220406,000000,24.83,24.8349,24.83,24.8349,211,0
AAA.US,D,20220407,000000,24.82,24.835,24.8,24.835,3686,0
AAA.US,D,20220408,000000,24.855,24.855,24.855,24.855,87,0
AAA.US,D,20220411,000000,24.87,24.87,24.855,24.855,124,0
AAA.US,D,20220412,000000,24.89,24.89,24.855,24.855,301,0
AAA.US,D,20220413,000000,24.875,24.875,24.855,24.855,337,0
AAA.US,D,20220414,000000,24.8655,24.8655,24.86,24.86,494,0
